              precision    recall  f1-score   support

           0       0.89      0.80      0.84        20
           1       1.00      0.90      0.95        20
           2       0.95      0.95      0.95        20
           3       1.00      1.00      1.00        20
           4       0.95      1.00      0.98        20
           5       1.00      0.80      0.89        20
           6       1.00      0.80      0.89        20
           7       0.95      1.00      0.98        20
           8       1.00      1.00      1.00        20
           9       0.90      0.45      0.60        20
          10       0.76      0.65      0.70        20
          11       1.00      1.00      1.00        20
          12       1.00      0.70      0.82        20
          13       0.95      1.00      0.98        20
          14       0.87      1.00      0.93        20
          15       1.00      1.00      1.00        20
          16       0.84      0.80      0.82        20
          17       1.00      0.80      0.89        20
          18       1.00      1.00      1.00        20
          19       1.00      1.00      1.00        20
          20       0.95      1.00      0.98        20
          21       0.90      0.95      0.93        20
          22       1.00      0.95      0.97        20
          23       0.71      0.85      0.77        20
          24       0.79      0.95      0.86        20
          25       1.00      1.00      1.00        20
          26       1.00      1.00      1.00        20
          27       1.00      1.00      1.00        20
          28       0.94      0.85      0.89        20
          29       1.00      1.00      1.00        20
          30       0.80      1.00      0.89        20
          31       1.00      1.00      1.00        20
          32       0.95      1.00      0.98        20
          33       0.87      1.00      0.93        20
          34       1.00      0.90      0.95        20
          35       0.80      1.00      0.89        20
          36       1.00      1.00      1.00        20
          37       0.95      0.95      0.95        20
          38       0.68      0.65      0.67        20
          39       1.00      0.95      0.97        20
          40       0.95      1.00      0.98        20
          41       0.91      1.00      0.95        20
          42       0.95      1.00      0.98        20
          43       0.95      1.00      0.98        20
          44       0.88      0.70      0.78        20
          45       0.93      0.70      0.80        20
          46       1.00      1.00      1.00        20
          47       0.82      0.70      0.76        20
          48       0.88      0.75      0.81        20
          49       0.95      0.95      0.95        20
          50       1.00      1.00      1.00        20
          51       0.91      1.00      0.95        20
          52       0.87      1.00      0.93        20
          53       1.00      0.90      0.95        20
          54       0.89      0.85      0.87        20
          55       0.91      1.00      0.95        20
          56       0.83      0.95      0.88        20
          57       0.95      0.95      0.95        20
          58       0.87      1.00      0.93        20
          59       0.91      1.00      0.95        20
          60       1.00      1.00      1.00        20
          61       1.00      0.85      0.92        20
          62       1.00      0.85      0.92        20
          63       1.00      1.00      1.00        20
          64       0.94      0.85      0.89        20
          65       0.95      1.00      0.98        20
          66       0.90      0.95      0.93        20
          67       0.90      0.95      0.93        20
          68       1.00      0.90      0.95        20
          69       0.90      0.95      0.93        20
          70       1.00      1.00      1.00        20
          71       0.94      0.85      0.89        20
          72       0.94      0.75      0.83        20
          73       0.95      1.00      0.98        20
          74       0.95      1.00      0.98        20
          75       0.94      0.80      0.86        20
          76       1.00      0.90      0.95        20
          77       1.00      1.00      1.00        20
          78       0.91      1.00      0.95        20
          79       0.94      0.85      0.89        20
          80       0.91      1.00      0.95        20
          81       0.90      0.95      0.93        20
          82       1.00      1.00      1.00        20
          83       1.00      0.90      0.95        20
          84       0.91      1.00      0.95        20
          85       0.86      0.95      0.90        20
          86       0.69      0.90      0.78        20
          87       1.00      0.80      0.89        20
          88       1.00      1.00      1.00        20
          89       0.83      1.00      0.91        20
          90       0.63      0.95      0.76        20
          91       0.94      0.80      0.86        20
          92       1.00      0.95      0.97        20
          93       0.86      0.95      0.90        20
          94       1.00      1.00      1.00        20
          95       0.80      0.60      0.69        20
          96       0.89      0.80      0.84        20
          97       0.87      0.65      0.74        20
          98       1.00      0.65      0.79        20
          99       0.95      0.90      0.92        20
         100       1.00      0.80      0.89        20
         101       0.94      0.85      0.89        20
         102       0.77      1.00      0.87        20
         103       0.95      1.00      0.98        20
         104       0.95      1.00      0.98        20
         105       0.95      0.90      0.92        20
         106       1.00      0.95      0.97        20
         107       0.85      0.85      0.85        20
         108       0.95      1.00      0.98        20
         109       0.91      1.00      0.95        20
         110       0.95      0.95      0.95        20
         111       1.00      0.80      0.89        20
         112       1.00      0.95      0.97        20
         113       1.00      0.95      0.97        20
         114       1.00      1.00      1.00        20
         115       1.00      1.00      1.00        20
         116       0.85      0.85      0.85        20
         117       0.77      0.85      0.81        20
         118       1.00      1.00      1.00        20
         119       0.49      0.67      0.57       104
         120       1.00      0.95      0.97        20
         121       1.00      1.00      1.00        20
         122       1.00      1.00      1.00        20
         123       0.95      0.95      0.95        20
         124       0.90      0.90      0.90        20
         125       0.94      0.85      0.89        20
         126       1.00      1.00      1.00        20
         127       1.00      1.00      1.00        20
         128       0.85      0.85      0.85        20
         129       0.72      0.90      0.80        20
         130       0.89      0.85      0.87        20
         131       1.00      0.80      0.89        20
         132       1.00      0.90      0.95        20
         133       0.95      1.00      0.98        20
         134       0.90      0.95      0.93        20
         135       0.93      0.70      0.80        20
         136       1.00      1.00      1.00        20
         137       0.95      1.00      0.98        20
         138       1.00      1.00      1.00        20
         139       0.86      0.95      0.90        20
         140       1.00      1.00      1.00        20
         141       0.94      0.75      0.83        20
         142       1.00      0.90      0.95        20
         143       1.00      0.90      0.95        20
         144       0.94      0.75      0.83        20
         145       1.00      0.95      0.97        20
         146       0.95      1.00      0.98        20
         147       0.90      0.95      0.93        20
         148       0.95      1.00      0.98        20
         149       0.83      1.00      0.91        20
         150       1.00      1.00      1.00        20

    accuracy                           0.91      3104
   macro avg       0.93      0.92      0.92      3104
weighted avg       0.92      0.91      0.91      3104
