              precision    recall  f1-score   support

           0       0.81      0.65      0.72        20
           1       0.90      0.95      0.93        20
           2       0.95      1.00      0.98        20
           3       0.95      0.95      0.95        20
           4       0.95      1.00      0.98        20
           5       0.87      1.00      0.93        20
           6       0.87      1.00      0.93        20
           7       0.85      0.85      0.85        20
           8       1.00      1.00      1.00        20
           9       0.86      0.90      0.88        20
          10       1.00      1.00      1.00        20
          11       0.90      0.95      0.93        20
          12       0.95      0.90      0.92        20
          13       1.00      0.95      0.97        20
          14       1.00      0.95      0.97        20
          15       0.87      1.00      0.93        20
          16       1.00      0.95      0.97        20
          17       0.95      0.95      0.95        20
          18       0.95      0.95      0.95        20
          19       0.90      0.95      0.93        20
          20       1.00      1.00      1.00        20
          21       0.94      0.85      0.89        20
          22       1.00      1.00      1.00        20
          23       0.83      1.00      0.91        20
          24       0.89      0.80      0.84        20
          25       0.95      1.00      0.98        20
          26       0.90      0.95      0.93        20
          27       0.95      1.00      0.98        20
          28       0.95      1.00      0.98        20
          29       0.95      1.00      0.98        20
          30       0.86      0.90      0.88        20
          31       0.95      0.95      0.95        20
          32       0.94      0.85      0.89        20
          33       0.91      1.00      0.95        20
          34       0.95      0.90      0.92        20
          35       1.00      1.00      1.00        20
          36       0.95      0.90      0.92        20
          37       0.95      1.00      0.98        20
          38       1.00      1.00      1.00        20
          39       0.83      0.38      0.53       104
          40       1.00      0.90      0.95        20
          41       1.00      0.95      0.97        20
          42       0.86      0.90      0.88        20
          43       1.00      1.00      1.00        20
          44       0.91      1.00      0.95        20
          45       0.95      1.00      0.98        20
          46       0.95      1.00      0.98        20
          47       0.90      0.95      0.93        20
          48       0.89      0.85      0.87        20
          49       0.91      1.00      0.95        20
          50       0.86      0.95      0.90        20
          51       0.91      1.00      0.95        20
          52       1.00      0.95      0.97        20
          53       0.90      0.95      0.93        20
          54       0.95      1.00      0.98        20
          55       0.95      1.00      0.98        20
          56       0.95      0.90      0.92        20
          57       0.74      1.00      0.85        20
          58       1.00      0.90      0.95        20
          59       0.83      0.95      0.88        20
          60       1.00      0.90      0.95        20
          61       1.00      1.00      1.00        20
          62       1.00      1.00      1.00        20
          63       0.91      1.00      0.95        20
          64       1.00      0.90      0.95        20
          65       1.00      1.00      1.00        20
          66       0.87      1.00      0.93        20
          67       0.95      1.00      0.98        20
          68       0.95      0.95      0.95        20
          69       0.95      0.95      0.95        20
          70       0.95      1.00      0.98        20
          71       1.00      1.00      1.00        20
          72       0.95      1.00      0.98        20
          73       1.00      1.00      1.00        20
          74       0.91      1.00      0.95        20
          75       0.95      0.90      0.92        20
          76       1.00      0.95      0.97        20
          77       0.88      0.75      0.81        20
          78       0.91      1.00      0.95        20
          79       0.95      1.00      0.98        20
          80       0.91      1.00      0.95        20
          81       1.00      0.85      0.92        20
          82       0.91      1.00      0.95        20
          83       0.91      1.00      0.95        20
          84       0.77      1.00      0.87        20
          85       0.91      1.00      0.95        20
          86       0.94      0.80      0.86        20
          87       0.95      0.95      0.95        20
          88       1.00      0.95      0.97        20
          89       0.95      0.95      0.95        20
          90       0.94      0.80      0.86        20
          91       1.00      1.00      1.00        20
          92       1.00      0.80      0.89        20
          93       0.94      0.80      0.86        20
          94       1.00      1.00      1.00        20
          95       0.95      0.95      0.95        20
          96       0.95      0.95      0.95        20
          97       0.91      1.00      0.95        20
          98       0.90      0.95      0.93        20
          99       0.95      0.90      0.92        20
         100       0.82      0.90      0.86        20
         101       1.00      1.00      1.00        20
         102       0.87      1.00      0.93        20
         103       0.90      0.95      0.93        20
         104       1.00      1.00      1.00        20
         105       0.95      0.95      0.95        20
         106       0.95      0.95      0.95        20
         107       0.95      1.00      0.98        20
         108       0.79      0.95      0.86        20
         109       0.95      1.00      0.98        20
         110       0.95      1.00      0.98        20
         111       1.00      0.90      0.95        20
         112       0.91      1.00      0.95        20
         113       1.00      0.70      0.82        20
         114       1.00      1.00      1.00        20
         115       0.86      0.95      0.90        20
         116       0.87      1.00      0.93        20
         117       0.95      1.00      0.98        20
         118       1.00      0.90      0.95        20
         119       0.91      1.00      0.95        20
         120       0.79      0.95      0.86        20
         121       0.95      0.90      0.92        20
         122       0.95      1.00      0.98        20
         123       0.90      0.95      0.93        20
         124       1.00      1.00      1.00        20
         125       1.00      1.00      1.00        20
         126       1.00      1.00      1.00        20
         127       0.95      0.95      0.95        20
         128       0.87      1.00      0.93        20
         129       0.89      0.85      0.87        20
         130       1.00      0.90      0.95        20
         131       0.95      0.90      0.92        20
         132       1.00      0.90      0.95        20
         133       0.95      1.00      0.98        20
         134       1.00      0.85      0.92        20
         135       0.95      0.95      0.95        20
         136       0.90      0.95      0.93        20
         137       1.00      0.95      0.97        20
         138       0.87      1.00      0.93        20
         139       1.00      1.00      1.00        20
         140       1.00      0.95      0.97        20
         141       0.90      0.95      0.93        20
         142       0.86      0.95      0.90        20
         143       1.00      1.00      1.00        20
         144       1.00      1.00      1.00        20
         145       0.95      1.00      0.98        20
         146       0.87      1.00      0.93        20
         147       1.00      0.95      0.97        20
         148       1.00      1.00      1.00        20
         149       1.00      1.00      1.00        20
         150       0.87      1.00      0.93        20

    accuracy                           0.93      3104
   macro avg       0.94      0.95      0.94      3104
weighted avg       0.94      0.93      0.93      3104
